with lcm:
              precision    recall  f1-score   support

          其它       0.97      0.92      0.94       142
          工具       0.83      0.80      0.81       623
           库       0.90      0.92      0.91      1026
          服务       0.75      0.76      0.76       237

    accuracy                           0.86      2028
   macro avg       0.86      0.85      0.85      2028
weighted avg       0.86      0.86      0.86      2028

[[130   7   5   0]
 [  2 499  82  40]
 [  0  66 939  21]
 [  2  31  23 181]]

 without lcm:

               precision    recall  f1-score   support

          其它       0.93      0.96      0.94       142
          工具       0.82      0.83      0.82       623
           库       0.90      0.91      0.90      1026
          服务       0.75      0.68      0.72       237

    accuracy                           0.86      2028
   macro avg       0.85      0.84      0.85      2028
weighted avg       0.86      0.86      0.86      2028

[[136   2   4   0]
 [  4 516  70  33]
 [  2  72 931  21]
 [  4  41  30 162]]

